[camera]
fx = 2067.047672111252
fy = 2139.390548501267
s = 0.0
cx = 1355.912527403098
cy = 988.7413385689166
dist0 = 0.096349480923243
dist1 = -0.17525234988976343
dist2 = 0.010133340253552095
dist3 = 0.011956481019720116
dist4 = 0.15555639077511693

